1,0.009962734766304493
2,0.009988253004848957
3,0.009972571395337582
4,0.010014407336711884
5,0.010029236786067486
6,0.01002468541264534
7,0.010063175112009048
8,0.009983547031879425
9,0.010078921914100647
10,0.009997625835239887
11,0.010008834302425385
12,0.009941917844116688
13,0.010028955526649952
14,0.00993987824767828
15,0.010036880150437355
16,0.010059514082968235
17,0.00999839510768652
18,0.009978070855140686
19,0.01001518964767456
20,0.009958037175238132
21,0.01003953069448471
22,0.01004137471318245
23,0.009988238103687763
24,0.009990695863962173
25,0.009908335283398628
26,0.010040611028671265
27,0.010059789754450321
28,0.01003830786794424
29,0.009954560548067093
30,0.010053067468106747
