1,0.28022866379191624,2.0786444056771205
2,0.33922800510676937,1.6914145814965782
3,0.4092696380259386,1.4933671775275965
4,0.45871398526468254,1.3559658993790145
5,0.47528466658551555,1.2903172614604934
6,0.4875028220448158,1.2697880077463732
7,0.49524000719157873,1.2626425996263906
8,0.4997046756337701,1.2632977051267238
9,0.5013317183645041,1.2591175300988562
10,0.5012336373964607,1.26564451829711
11,0.5096441978838906,1.2706917897978824
12,0.5070730280011956,1.2650756120427584
13,0.5106675439297772,1.2680128692691006
14,0.5111410713780409,1.2707491926928318
15,0.5102397519261089,1.2720548731685957
16,0.5142051107339514,1.2871995279783888
17,0.5138964419171754,1.279105633465466
18,0.5105329563241523,1.2847233628159138
19,0.5064311313476644,1.2968497058984314
20,0.5090440874542,1.2964066456375853
21,0.5035791928961333,1.3104494606762298
22,0.5030290698573026,1.3244867198375752
23,0.49881887728217317,1.335415241687791
24,0.49855437887502885,1.342033511794198
25,0.496285680832385,1.3497997087075004
26,0.48789028457995415,1.3591781277646389
27,0.49270434598170365,1.3735834669583895
28,0.4874945364908369,1.37651290924056
29,0.4854477417113176,1.3942827581088426
30,0.4806617089807352,1.402049046335444
